1683.2047
Report scores:
team: xixixixixixi
scores: 2.2921832721220863,4.380811378025138,3.9680454986741185,5.213961953610039,3.353452629939711,2.871782675608083,1.6550124582935777,7.233196488625611,3.5429349175648146,10.390040269343132,2.9077561663222538,5.959582507164762,1.25778779990325,5.396994439488772,3.9364789755633414,3.6227341660356016,4.351752026417505,2.282913906017901,7.0113760098498705,4.119319397232692,4.856504070985482,1.6382725431533511,2.311284581518122,5.993419674027294,4.1338359657201575,2.8008253331019,3.6834539419808463,6.616857418443186,4.832778525352448,3.1798595936151166,3.333184336481699,1.9201760610682346,2.272642605393686,3.327067657468754,4.552661307913707,5.350549383336291
latencys: 1428.2429218292236,1428.2279014587402,1427.1390438079834,1426.560878753662,1428.3020496368408,1431.7209720611572,1422.4720001220703,1423.5680103302002,1423.8908290863037,1426.5720844268799,1425.5170822143555,1431.7798614501953,1431.8821430206299,1429.1260242462158,1426.9700050354004,1431.4420223236084,1429.663896560669,1432.487964630127,1428.5449981689453,1431.7800998687744,1435.8739852905273,1433.14790725708,1431.2920570373535,1430.8228492736816,1430.4499626159668,1438.8151168823242,1435.1279735565186,1435.5518817901611,1432.8131675720215,1436.387062072754,1435.0740909576416,1433.8130950927734,1434.2758655548096,1439.0380382537842,1435.7669353485107,1440.891981124878

2540.1539
Report scores:
team: xixixixixixi
scores: 3.1182288060997543,4.485695313739605,3.5320163202569805,6.39156936336336,3.034045994601993,2.4618382432788484,3.5256457350930543,8.33582206039423,3.3106793612013843,8.116775643150234,2.5560832497072172,6.550377785294557,1.5182126946745527,5.291652237748176,2.9284860601838085,5.28410674251405,3.3653624307820666,3.0727925554438817,6.994627722990837,3.770059217472528,4.8318744681369585,1.8884617839235176,2.397884471489272,7.56567710551117,3.385585834827738,3.203201545275747,2.2661262753911866,6.582100030642692,5.010870763524859,2.487233028368338,3.539977883828015,2.0569632515106555,2.190190667239273,4.407220843353817,4.934765600509194,5.9111252469358035
latencys: 834.1021537780762,834.2850208282471,833.0259323120117,834.514856338501,834.1109752655029,834.8269462585449,834.8901271820068,833.5011005401611,829.840898513794,827.934980392456,829.3430805206299,828.0701637268066,828.6700248718262,829.7989368438721,834.4788551330566,830.1329612731934,829.9329280853271,831.6919803619385,832.9908847808838,832.6699733734131,832.5159549713135,829.5190334320068,833.0669403076172,832.3550224304199,832.4220180511475,831.489086151123,832.2679996490479,833.3921432495117,833.0059051513672,832.5178623199463,832.8969478607178,834.8438739776611,833.5490226745605,835.9179496765137,833.15110206604,833.8940143585205

2816.3022
Report scores:
team: xixixixixixi
scores: 2.817824104813649,3.9317526125077165,3.5189326936058842,5.8549525692504805,2.5581894770659104,2.537239072953634,3.573354567147766,8.014950710062804,3.334136451477408,8.576440255557639,3.7353775704981533,5.9311794367120125,1.6777544261505677,3.4249258124068516,3.3653851462402127,4.003517000173375,4.325341205895951,2.051663022515297,6.549544558805785,4.653665037400294,4.96921524859938,1.495519450583771,2.320219765916085,4.748434645216385,4.386023328383369,2.871269763621689,2.8820690788580547,7.34195881532216,4.215270087596217,2.419297434731518,3.195513023554941,1.8330877688960836,2.5818834158040125,3.3174364114564887,3.9353737539544804,5.535768312405574
latencys: 663.783073425293,664.0958786010742,664.6440029144287,664.4010543823242,663.9389991760254,665.0130748748779,663.7718677520752,662.1551513671875,656.8710803985596,657.2670936584473,658.9481830596924,655.864953994751,658.134937286377,659.0189933776855,657.0460796356201,658.289909362793,658.0679416656494,658.48708152771,658.1521034240723,659.0490341186523,658.0839157104492,661.5090370178223,660.222053527832,660.322904586792,659.8551273345947,661.5340709686279,662.804126739502,662.484884262085,663.5921001434326,662.5049114227295,660.0198745727539,661.0548496246338,664.1058921813965,662.0140075683594,662.9118919372559,664.8461818695068

2833.6627
Report scores:
team: xixixixixixi
scores: 2.923904864083244,4.453639199641294,4.217967929538203,6.375910397658189,5.534819791204918,2.824520190654499,3.1023345832833114,5.998293603489633,3.477724414075786,7.45053066181326,3.740914889201064,6.23117717904126,1.5190223692989462,2.8679256354943776,3.2622511492122293,4.746089079899591,3.889025221186438,2.5874291064607617,7.773929472045728,4.407278196216546,4.1494129721170685,1.9556626809907924,2.0344579467048107,6.432921932878761,3.3502855903210675,3.2928493151788456,2.9184611746751044,7.251493055156453,4.595987609805684,3.1530201001646976,2.9188182433485137,2.0565692409679,2.439571428719677,3.2134641036957254,3.178946114376822,5.464914317380754
latencys: 634.2511177062988,635.2379322052002,636.3778114318848,634.0699195861816,630.4259300231934,631.2479972839355,631.385087966919,630.0292015075684,629.7972202301025,630.1639080047607,628.9849281311035,632.559061050415,631.2458515167236,632.918119430542,631.9129467010498,630.7721138000488,629.9929618835449,633.3780288696289,631.6640377044678,631.9839954376221,633.3291530609131,632.3130130767822,635.2851390838623,633.8589191436768,635.4780197143555,635.1280212402344,632.6398849487305,635.6039047241211,637.4490261077881,636.3871097564697,632.8201293945312,635.7290744781494,637.1572017669678,635.2219581604004,635.8299255371094,635.7388496398926

2625.4345
Report scores:
team: xixixixixixi
scores: 0.8272400308753496,1.3777817332781988,1.1138255905969006,2.0833820828569536,1.0324004606224721,0.7456713347947489,0.637077136472752,1.200092200480109,0.806226682518025,1.5141173772803478,1.1647047105382928,3.5987600751740207,0.5833805678419788,1.0327538797420144,0.5442826845616451,1.1137929329875993,1.5818534793777703,0.9070647920760913,1.4471629587804882,0.9626896905324397,0.7339294778543268,0.5312446186870584,0.6453681644143329,1.4252984858328017,1.2411282082281558,0.5556267739222545,0.8072957165757781,1.7927503928684436,0.7069446810208957,0.8052365122034678,0.7523262150031743,0.6077695682118718,0.9449028376937825,0.7199825037165947,1.1178578866489717,1.6296553498079058
latencys: 1369.4500923156738,1369.837999343872,1370.8078861236572,1368.8368797302246,1360.1799011230469,1363.2760047912598,1361.6890907287598,1362.0829582214355,1365.0908470153809,1365.082025527954,1366.854190826416,1370.3320026397705,1368.8428401947021,1367.6509857177734,1371.5729713439941,1372.986078262329,1374.7730255126953,1374.2120265960693,1376.0449886322021,1376.6059875488281,1377.72798538208,1380.2969455718994,1379.3320655822754,1378.0980110168457,1379.399061203003,1382.051944732666,1384.4118118286133,1382.0149898529053,1383.9991092681885,1384.7520351409912,1380.3119659423828,1385.3321075439453,1377.5229454040527,1375.035047531128,1377.0208358764648,1380.8221817016602

2761.7095
Report scores:
team: xixixixixixi
scores: 1.4152521806874612,3.8299392423417675,1.7297985162514062,6.382949115545994,1.2763341428922064,1.5367143241781904,0.9934536996565396,5.456414476089464,2.486317291002046,4.803112588240967,1.5479953831880506,4.403988062716225,0.8583184911778998,1.787224912129158,1.682823506530405,4.035991611891171,2.2926423992482836,1.4218692951099632,4.414491936156278,2.6624471996030112,1.8979415904406394,0.9793284578869178,1.1701591596628664,3.079444997635728,2.1906222597601066,1.8532672724209602,1.8606347652589064,3.531164855790894,1.784181495649854,2.0282265425084685,1.8381734828089291,1.2521188243615775,1.874122677222431,1.662196962419477,1.7330998276113903,3.285598215832966
latencys: 1085.3359699249268,1078.7479877471924,1076.153039932251,1077.754020690918,1075.5200386047363,1077.5959491729736,1078.3979892730713,1079.7829627990723,1078.9289474487305,1080.461025238037,1084.4128131866455,1081.6750526428223,1080.6539058685303,1082.977056503296,1085.9649181365967,1084.7389698028564,1087.2509479522705,1083.9910507202148,1088.8779163360596,1084.8028659820557,1085.4768753051758,1086.0240459442139,1087.446928024292,1086.134910583496,1087.8000259399414,1087.5170230865479,1088.7000560760498,1086.625099182129,1089.608907699585,1090.0490283966064,1089.1599655151367,1090.749979019165,1092.3240184783936,1092.2210216522217,1090.1210308074951,1088.5028839111328

5722.7056
Report scores:
team: xixixixixixi
scores: 3.840530137355457,5.94584326217769,4.567887857790366,10.35024138102721,4.8626586940656775,3.8940039893176346,3.015832460950548,6.880132719516062,5.111781606048792,9.797997816184788,4.754323078884455,8.509601869222498,2.1953852330377885,6.349928347636174,4.121820027449511,5.919716390210273,6.142399931751353,4.066185797759321,8.483252571200515,6.256783911033092,5.5617080391654525,3.180619518617967,3.906972149436743,8.57899433662716,5.963237496763921,3.889660492366778,4.572625429312854,7.253902715781238,6.630688830320866,4.232036487008091,4.800183013794548,4.580575738801335,2.7607133428099675,4.562184534271516,6.357523840835604,8.291308525907034
latencys: 349.18808937072754,349.66206550598145,350.09098052978516,349.498987197876,350.0699996948242,350.7230281829834,351.32908821105957,352.5378704071045,352.092981338501,348.6931324005127,348.09303283691406,350.0850200653076,348.56700897216797,351.69005393981934,350.9819507598877,353.5010814666748,351.3660430908203,353.25098037719727,353.61194610595703,353.6500930786133,353.2218933105469,352.8861999511719,352.53214836120605,351.6671657562256,350.25501251220703,352.0500659942627,351.0019779205322,351.4230251312256,350.8119583129883,351.9020080566406,353.50704193115234,354.0499210357666,351.76706314086914,352.80394554138184,354.3059825897217,353.8179397583008

5795.6406
Report scores:
team: xixixixixixi
scores: 4.907225961286644,10.955365636929729,6.507732323700381,10.370552751229617,6.320865260927182,3.855544814478656,4.220088800441677,10.32678538608431,4.898846249076075,11.277718905690694,4.6772149695286735,9.34998253100425,2.2868761862808045,6.575328444412184,4.608271124519384,7.196237690622777,8.486566672782153,4.691787834169518,12.816810511415273,6.2194187583338785,6.10296654798761,3.9393908554348167,5.23594947854447,9.045582491348013,7.1067156632835475,5.409115621076456,5.379691766178031,9.640129850807325,5.840830778539744,5.6206344459255915,5.021676818914379,3.9515464001647045,3.6126475933674773,5.965126471204405,6.376963615981879,9.093951231570582
latencys: 341.43519401550293,335.6599807739258,338.00292015075684,339.57791328430176,337.63813972473145,339.0200138092041,338.7010097503662,337.5720977783203,337.817907333374,339.2040729522705,339.5678997039795,340.71803092956543,340.6088352203369,338.96708488464355,339.39194679260254,337.0349407196045,337.414026260376,338.95301818847656,339.6570682525635,338.84596824645996,339.2810821533203,339.1239643096924,340.84415435791016,341.68100357055664,340.3148651123047,338.96517753601074,339.9951457977295,338.0470275878906,340.1198387145996,338.29808235168457,340.0759696960449,340.12603759765625,341.92800521850586,338.1152153015137,340.15703201293945,339.5380973815918

5909.9147
Report scores:
team: xixixixixixi
scores: 5.094781044896872,9.238329706579629,7.798413805861243,13.71197394418238,6.044094706029628,4.122046567242667,3.815489382471915,8.946780889240326,4.917802781102495,10.666431084469748,5.565001168393529,10.170906925585221,2.5282338438782426,6.736414558471668,4.826255778323915,6.971130650891096,5.599872015599344,5.075875195191557,12.686305295130042,5.684387251642208,5.581418504233192,3.651795938155451,4.942237549799413,7.91757878771348,6.930384293362826,3.957465422771963,6.146862363472954,7.982860652402135,6.342175519789188,6.141337951465493,5.311450461379259,3.8262142949046383,2.836055555608884,5.527389918051868,5.742168215500244,9.792504969167469
latencys: 331.7251205444336,331.97689056396484,332.5841426849365,333.03093910217285,331.88605308532715,331.87294006347656,333.78005027770996,333.4698677062988,333.3618640899658,331.3560485839844,332.1700096130371,333.1630229949951,331.6929340362549,332.01098442077637,332.1840763092041,335.36481857299805,332.78894424438477,331.65907859802246,333.50205421447754,331.83789253234863,334.63001251220703,334.84792709350586,334.05590057373047,335.5889320373535,332.5238227844238,331.73108100891113,334.4130516052246,333.3709239959717,333.8449001312256,335.2081775665283,335.10398864746094,335.18195152282715,334.04994010925293,334.79785919189453,334.2111110687256,336.2150192260742

5788.2041
Report scores:
team: xixixixixixi
scores: 3.3376748074042806,5.279523529509059,4.600113960259981,6.614157355395637,4.1291634626267335,4.050007119789666,2.9572520965522786,5.6589616817608634,4.682383526585629,9.51835525371063,4.046557158111668,7.377090065967861,2.3286740554302874,6.294165106401957,3.268733857407743,6.35664979919652,4.250305917646058,3.6093452423108108,8.208127810000988,5.756825698730671,4.505955920689684,3.2801383841502556,3.0889600467581126,5.745282422089269,5.780562585472501,3.662673953776193,3.8315930252877846,8.870532183674566,5.810673401835887,4.530707195463216,3.539111413975995,3.065615691964582,2.6538683137702845,4.28413362162839,4.452290587903961,6.607898686701843
latencys: 352.01096534729004,352.741003036499,350.51703453063965,353.12795639038086,354.8290729522705,349.92313385009766,352.60891914367676,355.01599311828613,350.9869575500488,351.31287574768066,352.51903533935547,351.240873336792,352.3831367492676,350.76189041137695,352.89907455444336,352.80489921569824,353.37209701538086,351.76610946655273,350.8930206298828,353.17492485046387,355.4539680480957,353.09290885925293,351.0761260986328,351.55606269836426,353.6958694458008,353.5459041595459,352.8110980987549,353.1630039215088,353.6081314086914,356.1670780181885,352.3449897766113,352.9949188232422,353.8370132446289,354.33387756347656,350.51512718200684,350.0239849090576

6718.1295
Report scores:
team: xixixixixixi
scores: 4.729410937863555,4.91121701719675,6.0779101758831775,8.830755006736373,3.46006608256455,3.690384386406309,4.195709693566443,7.213076122292672,4.561632788824331,10.833491689900585,4.737104892091558,8.645750315566517,1.9744319101632846,6.427033478844256,4.549331939199544,6.871728510852196,4.194085318026149,4.313668083738029,8.551365061066695,6.653457861493952,4.5551488951207055,3.4917705491325775,3.5333267849323198,6.617450920629074,7.422394442572113,3.7686318327078023,3.8327250378791256,8.127085580861412,7.257842336701211,4.339395195143384,4.143708800434252,4.318407961285482,2.767621814448725,4.337603272093661,4.818039327562806,8.035644133262553
latencys: 296.33283615112305,294.24285888671875,295.0429916381836,292.49000549316406,294.60906982421875,295.7439422607422,297.12796211242676,294.33393478393555,292.9258346557617,292.9677963256836,296.36406898498535,293.64490509033203,293.70713233947754,292.55008697509766,292.5429344177246,293.35808753967285,291.0439968109131,291.70894622802734,291.63503646850586,294.1019535064697,292.03104972839355,293.2438850402832,291.58496856689453,288.8510227203369,293.5459613800049,295.09806632995605,288.6819839477539,288.85388374328613,292.7279472351074,291.22018814086914,290.9879684448242,293.9181327819824,293.86186599731445,290.8518314361572,289.74318504333496,294.2650318145752

7154.7617
Report scores:   5.027907258095505 256.05177879333496
team: xixixixixixi
scores: 7.471153749615302,5.798130313755253,5.640636151749047,8.245958799515908,4.739293644951271,5.368009740934957,4.147181027654547,10.970998131639634,6.255435169608554,11.628700221674361,6.391258151442471,12.011952453098479,2.8024827376144135,7.230952801673413,7.391912100336743,10.313546538559644,8.027678648707314,4.784416640224463,10.170120419996145,7.899666657628944,5.606430946581832,5.751441755322423,6.04891594101537,8.907455045261582,10.642184509271694,5.124367509136553,4.770339827512339,10.40742327280069,7.178960283012155,5.36155783429053,5.0742215624347695,6.168548190471322,6.958158738765249,6.856990512409889,6.203557845725231,9.490426061952888
latencys: 252.4850368499756,249.64499473571777,251.80292129516602,255.2790641784668,252.61998176574707,252.06398963928223,252.579927444458,254.410982131958,251.97792053222656,250.00691413879395,254.97007369995117,252.61616706848145,249.39203262329102,247.8659152984619,249.85098838806152,248.9490509033203,251.25908851623535,251.1608600616455,250.23603439331055,251.2960433959961,249.76205825805664,247.62201309204102,249.92990493774414,249.41706657409668,250.0910758972168,250.24700164794922,247.32398986816406,249.58300590515137,251.7390251159668,249.12500381469727,247.2708225250244,250.60391426086426,252.2599697113037,250.57005882263184,249.53985214233398,252.96497344970703

7391.2857
Report scores:
team: xixixixixixi
scores: 5.085189592489758,6.127881002893919,5.754788847489386,8.917603384200461,5.143420837450195,5.564058690976651,4.866278362612866,11.291736315306173,6.103049389257375,11.074165579611789,6.905234216229587,8.859571539152244,2.095845566468366,7.668031233347965,6.020885029441775,8.611774329930544,6.664302896200654,5.723172484111547,10.69910019542316,8.260986409495395,5.861537458032439,5.2353213151780205,4.723918386077382,9.348693123932282,8.619492602492228,4.843080342283944,4.534280825197982,9.688783500171873,7.296560115793879,6.500065221988729,4.849073537107934,5.673995211835668,4.319223543525035,6.653447536740289,7.398142733612451,8.877063856402659
latencys: 241.7430877685547,240.3421401977539,241.52088165283203,242.30098724365234,242.13194847106934,240.10300636291504,239.8219108581543,237.9000186920166,238.5878562927246,238.65580558776855,238.25407028198242,238.15393447875977,240.8890724182129,240.2350902557373,239.732027053833,238.2180690765381,239.2098903656006,239.78495597839355,239.64905738830566,240.31901359558105,239.67599868774414,239.46380615234375,237.75911331176758,240.88096618652344,241.1508560180664,238.5549545288086,239.42899703979492,238.04211616516113,238.51299285888672,239.2880916595459,239.14504051208496,240.5831813812256,238.6629581451416,238.21616172790527,237.4279499053955,238.76214027404785

7570.8319
Report scores:
team: xixixixixixi
scores: 6.899709501468592,5.894224380663038,5.9433300195825085,8.705620073121692,5.274621693834347,6.229215713024865,4.950373543573483,10.328573133191918,6.719476564882929,11.306676761341889,7.746511222519922,11.864187748332569,2.460533570693539,8.314904326786126,8.912187279099072,10.487451874651303,7.628861070824817,6.457343676233188,10.90231028488027,8.814421701075048,6.098899419496027,6.069589997868343,5.247720113436984,8.951490938850824,11.246333392081992,5.998934851736341,4.792407415331524,10.912570842559939,7.756183214735516,6.981638353336339,4.705663620433818,5.820592048330087,5.486167184991657,7.748791198886378,7.89280160850966,12.472187164302856
latencys: 218.5690402984619,219.75088119506836,220.18814086914062,218.41788291931152,220.41797637939453,220.1979160308838,218.4429168701172,220.79181671142578,220.41893005371094,219.6190357208252,219.50006484985352,220.34692764282227,218.92595291137695,222.10407257080078,219.54894065856934,219.2709445953369,220.7348346710205,219.40302848815918,220.1540470123291,221.50588035583496,219.3610668182373,220.0319766998291,220.53980827331543,219.8619842529297,221.358060836792,219.19798851013184,220.4141616821289,222.38397598266602,225.67415237426758,220.94321250915527,223.18315505981445,219.28787231445312,219.38014030456543,221.89617156982422,220.2610969543457,219.26116943359375

7885.3875
Report scores:
team: xixixixixixi
scores: 6.548723688743201,6.167695073082919,6.882777900772925,9.61280955537023,5.538770743405864,5.192991480255206,4.374296239173376,12.773581656494768,5.9927722054352826,11.613022202452969,7.6424454928414125,8.924585370369893,2.2980637416623146,8.558806849015028,7.977279511422213,9.600372355947833,6.629053039636837,6.590165360072121,11.04406488837088,9.71789863486155,6.9881967069670665,6.361580155409053,6.747093435442848,9.955372890487533,9.01397033983899,5.864175513598672,5.751894737898717,10.096953458648388,8.200901838264961,5.772665404390884,5.291600698133556,5.851056123442166,5.459471435347198,7.894652564689325,8.16127880920589,10.608294466283043
latencys: 201.5078067779541,200.92201232910156,202.20589637756348,200.09303092956543,201.61199569702148,203.4149169921875,200.64401626586914,201.9360065460205,200.15907287597656,202.2101879119873,201.07388496398926,199.67198371887207,199.58996772766113,199.3708610534668,199.51486587524414,201.72977447509766,203.40895652770996,200.56891441345215,202.7420997619629,200.1650333404541,200.64592361450195,201.48801803588867,200.64520835876465,199.4030475616455,202.37183570861816,201.63393020629883,202.3019790649414,203.1099796295166,201.62701606750488,202.22997665405273,203.65214347839355,200.1199722290039,201.5058994293213,201.34782791137695,202.4388313293457,202.51917839050293

7743.7168
Report scores:
team: xixixixixixi
scores: 5.368894481226212,5.195144270391091,6.103102325499839,7.347943982397262,4.762696370077268,6.4162764286234255,4.7993653905848985,7.588879464631509,5.7285323585685965,11.519363904284805,6.363247811350255,8.69531693029496,2.153996693821359,7.825053497673217,6.233018925628158,7.921174633599183,8.240977401205212,5.619442680013189,10.369694125809394,7.248720054634174,5.562509127902614,4.765565533503921,5.666739478098951,8.413366633903024,11.427885582869141,4.498781254414937,4.921619391187526,9.420283157344281,6.503454875524247,6.770798399908291,4.805182920931044,5.257533908940703,4.044612295724842,6.465234421039787,6.553806272584415,9.382067239647082
latencys: 218.71614456176758,218.99008750915527,218.93596649169922,218.50299835205078,218.28699111938477,219.5909023284912,221.61507606506348,218.47891807556152,220.59011459350586,220.41702270507812,219.4540500640869,219.6040153503418,217.82922744750977,220.90506553649902,217.97513961791992,220.87597846984863,218.95885467529297,219.36607360839844,218.8560962677002,219.07997131347656,220.41893005371094,219.09403800964355,220.5069065093994,222.8689193725586,220.0479507446289,219.18582916259766,218.98698806762695,218.66393089294434,219.40994262695312,218.8279628753662,220.49808502197266,219.47288513183594,219.1009521484375,222.86486625671387,219.87605094909668,219.15197372436523

8041.0687
Report scores:
team: xixixixixixi
scores: 8.13859059206602,5.772553843763307,6.263856992360519,7.808956457366328,5.148759174363257,6.603338104099123,5.059114351540343,12.35281573511118,7.473817454045322,13.616678063373794,8.71246236701348,11.912539154941413,2.8943556128210743,9.338780711859137,8.530272562574925,12.385069030413153,7.464370183955596,5.560135405735824,10.215487889370966,9.290687794785354,7.027706483970851,6.722668360380653,6.020202983602518,9.994642280675823,12.146527156394535,5.6571195024934715,6.1181835076062,11.210120191113175,7.555915166674888,6.358549951152297,5.652853886383319,7.1990857367198595,6.398845749408552,8.292308638086194,6.936278352760944,10.224644854203266
latencys: 184.1909885406494,186.4609718322754,186.7058277130127,193.8488483428955,186.3880157470703,186.1419677734375,186.33294105529785,185.99796295166016,186.33294105529785,184.0510368347168,188.2150173187256,186.3851547241211,184.67187881469727,186.3570213317871,186.33198738098145,184.93390083312988,185.61100959777832,186.60211563110352,185.18590927124023,185.82582473754883,187.43205070495605,184.85021591186523,189.27693367004395,185.98198890686035,187.1631145477295,186.55085563659668,186.35988235473633,186.89608573913574,185.47677993774414,185.19902229309082,185.03904342651367,185.64701080322266,185.50896644592285,186.0940456390381,185.9729290008545,186.66386604309082

7697.0903
Report scores:
team: xixixixixixi
scores: 8.467941641052239,5.666400212611737,6.645486043107037,9.006808490342294,4.968625316139454,7.374769435967772,4.356029516736504,13.966539606746391,6.327084106055163,13.664526817673181,9.481443230702046,13.295393025260708,2.739445790237213,9.365681197999768,8.146991712134806,12.14702587424438,7.666788601359267,6.4977283670483645,9.931829853308807,9.009724094994052,7.02466871669869,7.838246653004286,6.129592784994898,10.792081801383844,10.360662861623355,5.818270020471868,6.266866431065645,12.138655521447424,7.30824284810085,6.562279355294189,5.214215967169857,7.433581598991807,6.740592546672014,8.82500576423096,7.570392615462933,10.304914818075984
latencys: 182.51299858093262,181.30993843078613,183.67815017700195,182.04498291015625,183.9289665222168,183.03585052490234,184.91888046264648,183.2869052886963,184.6749782562256,182.0991039276123,182.18493461608887,183.884859085083,183.36200714111328,183.9280128479004,183.50982666015625,183.62689018249512,181.9911003112793,185.1210594177246,183.00509452819824,182.09099769592285,182.9071044921875,183.7301254272461,183.02416801452637,184.72003936767578,182.7089786529541,182.8911304473877,183.3500862121582,182.30485916137695,182.70492553710938,182.68203735351562,182.41000175476074,182.3439598083496,182.82794952392578,183.45904350280762,184.01503562927246,184.6139430999756

7600.0282
Report scores:
team: xixixixixixi
scores: 8.259928752967516,6.941567090013883,6.136395297455934,9.807369970640265,5.507945615379093,6.810624868221697,4.9933243155986675,13.31129706192666,6.5440708969345955,13.226165142163287,8.473815345217224,12.602395509372833,3.007082236391789,9.120215239041293,8.723017292877632,12.439530671465592,7.549451026968907,6.392459733096424,11.443401980770377,8.23349311063795,7.773610518108278,7.131748891943034,6.154739592048855,9.940372670463368,11.826927553917738,6.074095246680733,6.445410490888766,10.729757620927362,7.4712439420318795,6.9686145005059785,5.313372948352061,7.151960975237232,7.199579524598057,8.752856644268974,6.907501184879129,10.543800790295611
latencys: 185.8198642730713,185.9278678894043,185.66298484802246,184.49878692626953,187.09611892700195,184.82208251953125,188.98892402648926,187.52002716064453,186.36608123779297,187.11209297180176,186.06996536254883,186.22589111328125,185.3640079498291,187.77203559875488,187.88814544677734,185.7759952545166,185.59908866882324,186.47193908691406,186.37585639953613,188.2779598236084,185.4720115661621,185.7471466064453,186.20800971984863,185.64295768737793,187.35980987548828,186.75899505615234,186.082124710083,185.38403511047363,187.94608116149902,187.8800392150879,184.12494659423828,186.78593635559082,188.60197067260742,185.3039264678955,188.1411075592041,185.52899360656738

6349.1866
Report scores:
team: xixixixixixi
scores: 8.503526202970308,7.999606449051831,7.590004581372674,9.290990050689688,5.959252942997562,7.8119611587566204,5.4337844933888775,12.310629137127007,8.341092897543136,14.500367425191765,9.631486500012134,13.11594284992556,2.9366581095351307,9.305106471521574,6.819162844089418,12.799097258013322,7.648292140075281,7.522159004972569,11.779038690426574,10.671240176364371,7.339332881326384,7.23520864798894,8.136373297272524,11.970188727635897,11.993420449279375,8.443819760492293,7.2554736119430325,12.146338056373624,9.666567859061587,6.240037702912046,6.980564268643697,7.1709749764868524,9.609826291784097,7.961102063912383,9.117721770270526,11.036474578551715
latencys: 169.56496238708496,166.5198802947998,167.02985763549805,168.76506805419922,168.97296905517578,165.7578945159912,168.59912872314453,167.94204711914062,167.61302947998047,168.1520938873291,168.0469512939453,168.8849925994873,167.0060157775879,166.8851375579834,169.15488243103027,169.82507705688477,166.07904434204102,169.29101943969727,168.28489303588867,166.41998291015625,167.15216636657715,169.59095001220703,169.26312446594238,168.62893104553223,168.58911514282227,167.7231788635254,168.07985305786133,166.69392585754395,170.5482006072998,167.57607460021973,168.80178451538086,167.72007942199707,168.3180332183838,169.32010650634766,167.59204864501953,168.78700256347656

7727.8207
Report scores:
team: xixixixixixi
scores: 7.541192865031799,6.82765115648675,6.3011329321185094,8.875937303353732,5.362608475866386,5.866176786544167,5.871898075591003,11.885943171818896,6.493518670039466,11.15471148675038,6.532284093116975,12.935185477792855,2.4536378011218853,8.376219989408588,9.411707727725153,11.114688950802854,6.382637446096813,5.1689537311748674,10.080403432758564,7.819868009631684,6.632764857492253,7.030423629406042,5.594926983554232,8.963454970273368,9.737703753600623,5.237957413508458,5.297029830034736,10.951341216194797,6.711906679690103,6.466983120644422,5.258975267732978,6.437005486332446,4.673489537878426,8.453328409051563,6.647458060072233,9.410194684292133
latencys: 202.15201377868652,204.23483848571777,222.95880317687988,204.49113845825195,221.10605239868164,204.76889610290527,204.79106903076172,204.99682426452637,203.68409156799316,203.86290550231934,222.7630615234375,205.56902885437012,206.89797401428223,211.80415153503418,206.24303817749023,205.51609992980957,205.8560848236084,224.47800636291504,205.60312271118164,223.7379550933838,203.83810997009277,205.43193817138672,213.55605125427246,220.59988975524902,221.65918350219727,203.68409156799316,202.70800590515137,205.60908317565918,222.09405899047852,228.72209548950195,222.02014923095703,203.31692695617676,221.18306159973145,208.91904830932617,223.49286079406738,219.95306015014648

7856.4523
Report scores:
team: xixixixixixi
scores: 6.880592965540236,6.116632375843098,5.961262200414706,8.572466517871064,4.7729988246618476,6.042094847362706,5.679027545458953,11.564758350239423,6.217999735968529,11.801979019742031,7.006987783669128,12.194001529263584,2.311784587045542,8.51728499453956,9.174719636414284,10.48052140049019,7.371629190821688,6.418338434521834,10.832299881060978,9.230706584175987,6.4747300056861,7.075633637232284,5.569426635144872,9.835686409253915,10.396340562191826,6.441129920983601,5.021040936441111,10.42422927984701,7.172382393240769,6.933361647503518,6.061655112627788,6.757819332994955,6.460821899607072,8.324505959698463,8.255467917137835,11.392643323659005
latencys: 201.86209678649902,199.75614547729492,198.74811172485352,199.93901252746582,200.1330852508545,200.81114768981934,199.84197616577148,200.70600509643555,199.91803169250488,202.3029327392578,200.86002349853516,203.8590908050537,200.24394989013672,198.67587089538574,200.18982887268066,200.46210289001465,201.75695419311523,199.5079517364502,202.02398300170898,200.40512084960938,202.3599147796631,201.18999481201172,201.5399932861328,202.64506340026855,198.8968849182129,201.43890380859375,200.12998580932617,200.91605186462402,200.60300827026367,202.04401016235352,200.69503784179688,198.6088752746582,198.6410617828369,202.92210578918457,199.0678310394287,201.7059326171875

7658.6824
Report scores:
team: xixixixixixi
scores: 5.93858546015528,5.474252841939983,5.36377846215793,7.546584020211545,4.950837865815424,5.457672823460409,4.243622874167702,11.546104309427001,6.1240437369936345,11.825197214147481,6.8678195703951515,11.864339320811007,2.19248816483123,8.091126042649101,6.354747981836754,9.500256264042925,6.217451023895227,5.211806788873058,11.106645324301162,7.661530296807238,5.3686307684804575,4.551067513737173,5.640032762473941,7.936567715627014,9.141404375737798,4.310679497809224,4.393969595399022,8.748078190439944,6.654784795228806,6.025134928963676,5.054936551468209,5.310666820940789,6.687976113534255,6.565536514561534,6.291253631630865,9.804486383751781
latencys: 222.89800643920898,223.72102737426758,222.87797927856445,221.78196907043457,222.48220443725586,221.5888500213623,223.0839729309082,222.6090431213379,222.74398803710938,220.42608261108398,222.03803062438965,221.50015830993652,224.0579128265381,223.44017028808594,222.62907028198242,221.24695777893066,222.0158576965332,223.31809997558594,224.64680671691895,224.03502464294434,221.91810607910156,222.20993041992188,223.45209121704102,223.15311431884766,224.83301162719727,224.90310668945312,222.47004508972168,223.77681732177734,222.60808944702148,221.98200225830078,231.5068244934082,222.52297401428223,221.49395942687988,223.33788871765137,222.80311584472656,224.26199913024902

7545.6900
Report scores:
team: xixixixixixi
scores: 5.970911554609562,4.565592437183736,5.240583370512928,6.60475392885945,4.596183005720485,4.5833124060382255,3.1702802578405973,9.681923534517706,5.28501232010233,9.941592777312065,5.958610270322217,10.326585609835428,2.5080940399507448,7.036999270732188,5.418018101961307,8.526740713841996,4.626331750132631,4.503228265234213,9.532654069604593,7.302783948270905,5.0756835648612215,4.638477504626408,5.955645031197166,8.012141499494424,7.948926947719528,3.5660441306619357,5.125348561048591,8.198368246037068,6.1378470051255425,5.598664874664043,4.1630425247545055,5.266946786418999,3.636113462489859,6.121455544607803,6.166172068824833,7.90948364435402
latencys: 237.3042106628418,234.6968650817871,236.03487014770508,236.35506629943848,236.94586753845215,236.2809181213379,239.9590015411377,236.8168830871582,236.9539737701416,237.81418800354004,236.3269329071045,236.62900924682617,236.71913146972656,237.67709732055664,237.14208602905273,237.15996742248535,236.9828224182129,236.88983917236328,238.69895935058594,236.3588809967041,239.51411247253418,237.34402656555176,237.54596710205078,246.81901931762695,236.89985275268555,242.8290843963623,237.18500137329102,238.04998397827148,238.02995681762695,237.12897300720215,236.7250919342041,237.2000217437744,236.29188537597656,237.3490333557129,238.04378509521484,237.1199131011963