#### 0 ####
1.0225768422965487 1253.325249019422
[0.6653107686885, 0.7621987006750819, 0.9384991191594864, 0.5058519400679089, 2.206423775842228, 1.8832037536483457, 1.0177482309377184, 0.6921909099133565, 1.4157244236505315, 0.8902894339950411, 0.7399224821604063, 0.904856401165005, 0.7805121560030285, 0.4185325048030874, 0.8772465451475533, 0.9815812565539173, 0.7099920223845207, 0.7424653301382365, 1.5028640574208347, 1.8161230335761847]
[1354.8049926757812, 1240.7448291778564, 1242.0861721038818, 1244.09818649292, 1244.743824005127, 1246.1659908294678, 1245.6450462341309, 1247.3340034484863, 1251.2009143829346, 1251.5208721160889, 1250.3728866577148, 1252.032995223999, 1255.6889057159424, 1257.5359344482422, 1260.1120471954346, 1260.5609893798828, 1266.6270732879639, 1264.181137084961, 1266.921043395996, 1265.6068801879883]

#### 2 ####
1.1667703986105977 1181.0623470105622
[0.7004402965146417, 0.9202015185172944, 0.9599784993349983, 0.6194232057469332, 2.1040403176319002, 2.03495699909011, 1.1847691542885326, 0.8248985404393193, 1.5056266656184967, 0.9159460386267364, 0.9046827142884457, 1.1379326769176659, 0.8210778636844484, 0.48465089411826057, 1.1654006737704043, 0.9896379874714653, 1.095968725210263, 0.8131405090198803, 2.2820832733360787, 1.8705514185860785]
[1281.3658714294434, 1164.8619174957275, 1169.2190170288086, 1167.311191558838, 1170.6080436706543, 1172.3098754882812, 1172.3580360412598, 1176.4740943908691, 1179.2759895324707, 1180.6979179382324, 1181.278944015503, 1185.4679584503174, 1185.0049495697021, 1186.3899230957031, 1186.5098476409912, 1188.366174697876, 1189.6429061889648, 1192.2180652618408, 1196.3329315185547, 1195.8568096160889]

#### 4 ####
1.1536813254547913 1125.049252259104
[0.7326290410777458, 0.8914122617215334, 1.027890763177891, 0.7154340385254641, 1.9628897945036365, 1.9325377680614313, 1.324957097317707, 0.7409995199398122, 1.4916991928002823, 0.9272733086321839, 0.8386156631119869, 1.0556306218925704, 0.9064929091074967, 0.6160300438592915, 1.280815458216861, 0.9466156315294636, 0.9167860974230378, 0.9919792406497118, 1.8288941005690942, 1.9440439569786172]
[1226.7420291900635, 1112.8621101379395, 1113.5828495025635, 1117.264986038208, 1116.8749332427979, 1118.0000305175781, 1121.1209297180176, 1122.7390766143799, 1121.8249797821045, 1122.8830814361572, 1124.5298385620117, 1128.7989616394043, 1127.2189617156982, 1131.5829753875732, 1127.6960372924805, 1132.0209503173828, 1133.018970489502, 1134.2411041259766, 1135.3719234466553, 1134.303092956543]

#### 6 ####
1.2207522077973678 1056.5166724355597
[0.9744340866015048, 0.8302380948946353, 1.0397578126515366, 0.6904107164897446, 2.07654602772353, 2.1298967379963343, 1.2870026064334958, 0.8746824060517677, 1.5225320370663473, 1.0672866232360807, 1.0846811583432094, 1.2141646058410276, 0.9166877620884141, 0.645026542277834, 1.133079627355461, 1.174247488626244, 0.8961177314000802, 0.9377412963300871, 1.9691121837669618, 1.9513986107730574]
[1160.3500843048096, 1047.137975692749, 1046.717882156372, 1049.210786819458, 1048.4819412231445, 1051.9630908966064, 1050.9660243988037, 1053.2381534576416, 1057.1708679199219, 1056.9159984588623, 1057.215929031372, 1056.7450523376465, 1058.5870742797852, 1058.9449405670166, 1060.7600212097168, 1061.263084411621, 1062.5550746917725, 1062.3469352722168, 1066.2500858306885, 1067.3458576202393]

#### 8 ####  3131.0141
1.2822111231491227 993.3963198410837
[0.7752098162050882, 0.8528779154526556, 1.2901207616602524, 0.6232279108180655, 2.3296505528161546, 2.1290734369959177, 1.279974474154884, 1.17712437610605, 1.4906803982215007, 1.4275498527751396, 1.0644693280111388, 1.190290180263391, 1.174232684774631, 0.7586824249672103, 1.4825107091627785, 0.9724038682487951, 1.207505523919443, 0.8272390218744583, 1.7701564804319165, 1.8212427461229792]
[1099.0760326385498, 981.9610118865967, 986.8628978729248, 988.0750179290771, 985.694169998169, 989.8459911346436, 987.8029823303223, 990.664005279541, 991.3380146026611, 993.7729835510254, 997.668981552124, 997.0488548278809, 995.7830905914307, 994.6990013122559, 997.1559047698975, 996.1140155792236, 999.8140335083008, 999.1061687469482, 1000.8800029754639, 1000.2429485321045]

#### 10 ####
1.3296284034332615 921.8751631285015
[0.7935849346393201, 0.9067606944555129, 1.4581990833220797, 0.7386248615705009, 2.300149858089545, 2.397438635680445, 1.2996764831156136, 0.9645006310168499, 1.3701292396842, 1.2704354947647045, 1.0662874713393784, 1.159604485313029, 1.1286122528093951, 0.6238967711629239, 1.6916001669294727, 1.052925346487156, 1.0705586251587489, 1.2528461328499167, 2.306960481013616, 1.7397764192628224]
[1030.716896057129, 912.0659828186035, 912.539005279541, 916.8269634246826, 917.4549579620361, 916.8691635131836, 919.8510646820068, 919.6999073028564, 920.2790260314941, 918.2329177856445, 920.8500385284424, 920.7339286804199, 923.3438968658447, 928.0111789703369, 925.076961517334, 927.9119968414307, 928.2770156860352, 925.9960651397705, 931.9071769714355, 929.7008514404297]

#### 12 ####  3342.3562
1.4755352875023955 853.9154027637683
[1.040186172006418, 1.0192401587928603, 1.4148805259488038, 0.7790266213866148, 2.563087704732049, 1.9183690835150367, 1.4627232944221555, 1.2515860235227585, 1.3850986436133832, 1.9286395213615666, 0.9598975468856825, 1.2535810789150945, 1.198568916394597, 0.7192612541061777, 1.2729867798402037, 1.5094772289460356, 1.3981033897722916, 1.203076619460832, 3.162273568367834, 2.0706416180575222]
[964.3039703369141, 846.2610244750977, 849.8179912567139, 849.2259979248047, 848.7048149108887, 848.8829135894775, 850.3940105438232, 849.7140407562256, 849.308967590332, 853.1749248504639, 853.8498878479004, 857.3310375213623, 856.255054473877, 856.7008972167969, 856.6300868988037, 858.1609725952148, 859.745979309082, 859.8170280456543, 862.2720241546631, 858.144998550415]

#### 14 ####
1.8363308268130016 786.8263470499139
[1.1072707338112169, 2.200666710174538, 1.5021798195248264, 0.9873038529066466, 3.853748785004271, 1.7039163109279707, 1.932337389169227, 1.1539758910023654, 2.0249833284947636, 1.7476592323787496, 1.1926000689732859, 1.2806180102892024, 1.2672875608607177, 0.8172815722217971, 2.992217017349685, 1.3834163223900608, 1.443750320729602, 1.490669612792483, 3.9332539559991546, 2.711480041259465]
[895.6060409545898, 780.5018424987793, 783.034086227417, 782.7599048614502, 781.9650173187256, 784.9729061126709, 784.9979400634766, 783.4670543670654, 783.9632034301758, 785.1550579071045, 789.0121936798096, 787.5461578369141, 789.9730205535889, 787.7309322357178, 791.2571430206299, 787.9960536956787, 792.6280498504639, 787.6050472259521, 791.7511463165283, 793.3838367462158]

#### 15 #### 3243.0463
2.0675169307068804 740.9862970051013
[1.2403593198063447, 1.657461567340777, 1.9379402442566445, 0.7577963921041957, 4.555402755868109, 5.5856784171924065, 1.4116359185849652, 1.6232759087395796, 1.3962800661513959, 1.783903620824832, 1.3111308511475, 1.3247359347189946, 1.794961271748087, 0.6405957710891251, 1.940843936939907, 1.467923794419865, 1.7032317711890115, 1.9808474874537558, 4.064009476203874, 3.172324108358246]
[854.5529842376709, 737.4320030212402, 735.8880043029785, 738.6817932128906, 738.598108291626, 739.5319938659668, 736.6440296173096, 739.3820285797119, 740.9710884094238, 741.3229942321777, 740.1440143585205, 740.4780387878418, 738.8401031494141, 742.2211170196533, 741.2610054016113, 743.8580989837646, 745.3000545501709, 746.8070983886719, 744.286060333252, 747.0920085906982]

#### 16 ####
2.288162501949467 718.7246146954989
[1.7852150218532794, 1.193765889446061, 2.491359975533773, 1.3283217534985006, 4.91823153088742, 3.1854210279924726, 2.416318863836182, 1.7457461576963047, 4.219846555250549, 1.988840961694066, 1.5595408695189188, 1.3187617631066277, 1.1992678901846026, 0.7315848532819825, 3.497172941248801, 1.4142958207665928, 1.962476229750159, 2.3725615367664457, 3.4834717733480325, 2.951048623328558]
[827.380895614624, 711.6711139678955, 713.3381366729736, 716.5558338165283, 713.109016418457, 715.3010368347168, 718.3399200439453, 717.4999713897705, 718.4350490570068, 719.3939685821533, 718.1060314178467, 718.4340953826904, 723.3428955078125, 716.688871383667, 722.6419448852539, 720.4599380493164, 721.5039730072021, 724.816083908081, 723.5448360443115, 722.5849628448486]

#### 18 ####  3078.3469
2.4834972726976523 651.4482874619333
[1.1843772218441742, 1.7300919232979655, 2.4518696693622797, 1.57964718878838, 4.182172222913455, 4.875157515689992, 2.665617445483646, 1.6732976431990672, 2.140970667438798, 2.060484042020882, 2.9261232704841715, 3.0776456481949, 1.8977884620848666, 1.0139836078528033, 1.7523818669107696, 1.6568659547574323, 2.293698921767975, 2.465911768912826, 4.313973009434102, 3.727887403514562]
[764.258861541748, 648.439884185791, 647.6340293884277, 645.928144454956, 648.3559608459473, 650.8970260620117, 650.763988494873, 650.5470275878906, 650.3870487213135, 650.7420539855957, 655.2829742431641, 654.1240215301514, 653.0020236968994, 650.4020690917969, 651.6361236572266, 654.6239852905273, 652.4600982666016, 654.0439128875732, 654.0582180023193, 654.188871383667]

#### 20 ####  2870.9463
3.2386544298971955 584.2804406818591
[2.4359208247256823, 2.1284473071827072, 3.4855224779002643, 1.4687504966370597, 6.342969115660998, 4.490658054792848, 3.0162501684777436, 2.2735999875970316, 4.35348936635315, 2.816902802267719, 3.6503931855381704, 2.6075913972570635, 2.2914863125436638, 1.1491290688261653, 1.8349424180458054, 3.0202132988101047, 4.457691978298011, 3.95342239482178, 6.1911761522359825, 2.80453178997197]
[693.5498714447021, 579.9651145935059, 580.0180435180664, 581.54296875, 582.0238590240479, 582.6840400695801, 582.4570655822754, 582.942008972168, 583.9159488677979, 582.902193069458, 583.0559730529785, 583.7211608886719, 583.6751461029053, 587.1169567108154, 586.8439674377441, 586.9810581207275, 587.209939956665, 588.1149768829346, 589.0600681304932, 587.0978832244873]


5722.7056
Report scores:
team: xixixixixixi
scores: 3.840530137355457,5.94584326217769,4.567887857790366,10.35024138102721,4.8626586940656775,3.8940039893176346,3.015832460950548,6.880132719516062,5.111781606048792,9.797997816184788,4.754323078884455,8.509601869222498,2.1953852330377885,6.349928347636174,4.121820027449511,5.919716390210273,6.142399931751353,4.066185797759321,8.483252571200515,6.256783911033092,5.5617080391654525,3.180619518617967,3.906972149436743,8.57899433662716,5.963237496763921,3.889660492366778,4.572625429312854,7.253902715781238,6.630688830320866,4.232036487008091,4.800183013794548,4.580575738801335,2.7607133428099675,4.562184534271516,6.357523840835604,8.291308525907034
latencys: 349.18808937072754,349.66206550598145,350.09098052978516,349.498987197876,350.0699996948242,350.7230281829834,351.32908821105957,352.5378704071045,352.092981338501,348.6931324005127,348.09303283691406,350.0850200653076,348.56700897216797,351.69005393981934,350.9819507598877,353.5010814666748,351.3660430908203,353.25098037719727,353.61194610595703,353.6500930786133,353.2218933105469,352.8861999511719,352.53214836120605,351.6671657562256,350.25501251220703,352.0500659942627,351.0019779205322,351.4230251312256,350.8119583129883,351.9020080566406,353.50704193115234,354.0499210357666,351.76706314086914,352.80394554138184,354.3059825897217,353.8179397583008

5795.6406
Report scores:
team: xixixixixixi
scores: 4.907225961286644,10.955365636929729,6.507732323700381,10.370552751229617,6.320865260927182,3.855544814478656,4.220088800441677,10.32678538608431,4.898846249076075,11.277718905690694,4.6772149695286735,9.34998253100425,2.2868761862808045,6.575328444412184,4.608271124519384,7.196237690622777,8.486566672782153,4.691787834169518,12.816810511415273,6.2194187583338785,6.10296654798761,3.9393908554348167,5.23594947854447,9.045582491348013,7.1067156632835475,5.409115621076456,5.379691766178031,9.640129850807325,5.840830778539744,5.6206344459255915,5.021676818914379,3.9515464001647045,3.6126475933674773,5.965126471204405,6.376963615981879,9.093951231570582
latencys: 341.43519401550293,335.6599807739258,338.00292015075684,339.57791328430176,337.63813972473145,339.0200138092041,338.7010097503662,337.5720977783203,337.817907333374,339.2040729522705,339.5678997039795,340.71803092956543,340.6088352203369,338.96708488464355,339.39194679260254,337.0349407196045,337.414026260376,338.95301818847656,339.6570682525635,338.84596824645996,339.2810821533203,339.1239643096924,340.84415435791016,341.68100357055664,340.3148651123047,338.96517753601074,339.9951457977295,338.0470275878906,340.1198387145996,338.29808235168457,340.0759696960449,340.12603759765625,341.92800521850586,338.1152153015137,340.15703201293945,339.5380973815918